name: pymap2
channels:
  - conda-forge
  - defaults
dependencies:
  - bzip2=1.0.8=h8ffe710_4
  - ca-certificates=2022.12.7=h5b45459_0
  - libffi=3.4.2=h8ffe710_5
  - libsqlite=3.40.0=hcfcfb64_0
  - libzlib=1.2.13=hcfcfb64_4
  - openssl=3.0.8=hcfcfb64_0
  - pip=23.0.1=pyhd8ed1ab_0
  - python=3.9.16=h4de0772_0_cpython
  - setuptools=67.6.0=pyhd8ed1ab_0
  - tk=8.6.12=h8ffe710_0
  - tzdata=2022g=h191b570_0
  - ucrt=10.0.22621.0=h57928b3_0
  - vc=14.3=hb6edc58_10
  - vs2015_runtime=14.34.31931=h4c5c07a_10
  - wheel=0.38.4=pyhd8ed1ab_0
  - xz=5.2.6=h8d14728_0
